001007FL1W0DONEDONEOPENDONEDONEOPENOPENDONEDONEDONEDONEDONEDONEDONE    DONEDONEDONEDONEDONEOPEN
0010070015100904121                    114 120191510 1216 120191051 1324 120191930 116012019     11        211 2 1 0 1 10 1 2 1212215151
00100701 1FGHFGHFHFHFH                  1 123121 2 0 02    11 1
00100701 2RTYRTYRTYRTYR                 2 22311    2 0118 121 2
00100702 11FGHFGHFHFHFH                  1RTYRTYRTYRTYR                 1
001007031051113314 2121221 211    221ABCD    82 11111111112222146  3410 0989 50121 2 0     2        1 20    11 1  0   1 1 2 0   1 10     198* 1 9 8 1******  11.0001 11
001007041102 11211227222 2 1111111211713313211111222  2  2   1112  2  2  2  1341321212122 1110601 11
00100706 11930 21 2196915  BC                     2112222222222222 2222221931
001007411934 1
0010074280011    100 3   3000 3       459999800 3
